-10.00000000000000000000
-4.00399201596806442183
-3.01593625498007966712
-11.03578528827037885662
10.93650793650793673351
10.90099009900990090216
-7.14229249011857625362
8.80670611439842154766
13.74803149606299257357
26.68172888015716992527
22.60784313725490335401
2.52641878669275854463
15.43750000000000000000
29.34113060428849806272
35.23735408560311554993
30.12621359223301098496
21.00775193798449436144
26.88201160541586176578
24.74903474903474887014
24.60886319845857173050
21.46153846153845989875
49.30710172744721830895
36.14559386973179755387
20.97705544933078414260
26.80152671755725179992
58.61904761904762040103
29.42965779467680675907
58.23339658444022859385
65.03030303030303116429
38.82041587901701262808
50.60377358490566024329
70.38041431261770242145
73.15037593984962427385
56.91369606003752323886
63.67041198501872401039
42.42056074766355777683
42.16417910447761130399
73.90130353817504271774
50.63197026022304214621
55.35621521335806960451
52.07407407407407617939
85.78558225508318457742
62.49077490774907062132
74.18968692449355728513
80.88235294117646390077
93.56880733944953476566
66.24908424908424819932
82.92321755027421659179
73.59124087591240481743
70.25318761384335175535
69.90909090909090650712
85.55898366606170668547
71.20289855072464035857
76.84086799276673218628
92.47292418772563848961
69.09909909909909231374
78.71942446043165375613
111.33393177737880819222
106.94265232974910873054
108.54561717352414973448
92.14285714285713879690
80.73440285204991084811
88.32028469750889598799
103.90053285968028262687
120.47517730496453225442
111.04424778761061531895
114.60777385159011032556
93.16578483245149300274
105.71830985915492817639
125.26537785588752171861
128.80701754385964363792
104.34325744308230810020
111.87412587412588038660
127.39965095986038079445
131.91986062717771233110
117.43478260869565588109
134.94444444444445707632
116.44887348353552170011
129.94809688581315754163
114.44214162348876584474
137.93103448275863343042
113.41480206540447284169
143.89347079037801790946
139.36706689536879366642
147.83561643835616905562
133.29914529914529452981
130.75767918088737928883
135.21124361158433657693
114.65986394557822336537
133.10356536502547442069
129.54237288135593075822
150.97631133671742986735
147.40540540540541769587
156.82967959527823609278
145.24915824915825623975
134.66386554621848858915
143.07382550335569249000
137.47906197654941706787
157.87959866220737126241
160.27545909849749250498
165.66666666666665719276
157.05324459234608980296
158.43521594684384012908
152.81260364842455601320
136.18543046357615367015
152.55371900826446562860
169.91749174917492837267
147.27677100494233286554
140.63157894736841058148
159.98193760262725504617
172.32786885245900521113
177.66939443535187592715
163.00653594771242183015
177.33931484502446096485
166.66775244299674341164
163.99186991869919438614
159.31168831168830024581
174.62722852512155213844
150.93851132686083360568
187.24555735056543426253
159.54838709677420638400
181.84702093397746125447
155.14147909967846317159
176.43178170144463479119
193.71794871794872960891
162.00000000000000000000
165.27795527156550292602
175.55183413078148646491
193.82165605095542559866
180.08744038155802513756
166.34920634920635507115
180.60697305863709516416
166.86075949367088355757
171.11058451816745673568
181.35646687697160928110
187.59842519685039974320
178.83647798742137524641
177.07064364207221274228
206.30094043887146426641
196.52738654147105989978
191.75000000000000000000
201.96879875195008935407
206.18380062305294586622
193.39502332814930696259
188.60248447204969579616
210.80620155038758412047
214.00619195046439813268
210.20247295208656623799
189.39506172839506348282
191.58397534668722528295
197.76923076923077360334
185.95084485407065244544
185.12883435582821789467
195.30321592649309536682
225.47400611620795984891
194.64122137404581280862
190.80487804878049473700
205.96499238964992173351
210.12158054711247245905
216.27465857359635492685
223.42424242424243630012
205.57034795763993884066
219.71299093655588308138
217.85218702865762452348
219.98795180722891018377
229.12030075187971078776
230.24924924924926017411
228.37481259370315456181
223.49700598802394324593
205.61584454409566546929
217.73134328358207767451
201.84351713859911114923
232.95238095238096320827
217.05794947994058929908
226.16023738872405601796
212.25925925925923820614
233.35502958579883170387
246.44756277695717017195
211.53687315634221022265
212.62297496318115008762
240.70588235294115975194
227.78560939794419937243
236.86217008797655125818
228.93557833089312225638
222.00584795321634601351
245.07299270072991248526
253.13702623906704047840
251.19796215429403218877
216.25581395348837077108
237.31059506531204306157
238.36231884057968954949
221.41099855282197950146
225.45664739884392702152
226.49927849927848910738
255.53890489913544570300
226.57553956834533437359
248.60919540229883750726
248.63988522238162204303
257.66762177650429066489
252.69241773962801289599
242.71428571428572240620
250.73323823109842578560
231.74928774928775965236
236.76244665718348869632
256.77272727272725205694
261.78014184397164854090
240.78470254957505858329
250.78642149929277138654
272.78531073446328036880
273.78138222849082694665
249.77464788732396527848
255.76511954992969322120
237.75280898876405899500
247.73772791023844774827
261.71988795518205961343
251.69930069930069294060
252.67597765363126427474
239.64993026499303141463
245.62116991643455321537
248.58970792767735247253
275.55555555555554292368
242.51872399445215933156
248.47922437673128115421
272.43706777316737088768
280.39226519337017862199
261.34482758620691811302
258.29476584022040697164
277.24209078404402362139
267.18681318681319680763
283.12894375857337081470
275.06849315068495798187
250.00547195622436902340
272.93989071038248539480
278.87175989085949368018
255.80108991825613884430
257.72789115646259006098
292.65217391304349803249
290.57394843962009645111
284.49322493224934760292
283.41001353179973420993
277.32432432432432278802
271.23616734143047324324
285.14555256064687682738
262.05248990578735401868
298.95698924731181023162
274.85906040268457672937
264.75871313672922724436
265.65595716198123454888
302.55080213903744379422
299.44325767690253314868
280.33333333333331438553
298.22103861517973655282
296.10638297872338853267
274.98937583001327311649
282.87002652519896628291
276.74834437086093430480
276.62433862433863396291
305.49801849405548637151
298.36939313984169075411
300.23847167325430973506
306.10526315789473983386
301.96977660972402190964
290.83202099737530943457
296.69200524246394934380
292.54973821989528914855
313.40522875816992609543
280.25848563968668258894
305.10951760104302366017
276.95833333333331438553
292.80494148244474672538
313.64935064935065156533
298.49156939040204861158
314.33160621761658148898
292.16946959896506541554
282.00516795865632957430
301.83870967741933100115
284.67010309278350632667
312.49935649935650872067
290.32647814910023953416
304.15147625160460620464
282.97435897435894958107
311.79513444302176594647
309.61381074168798477331
321.43039591315454117648
307.24489795918367462946
318.05732484076435184761
310.86768447837152962165
299.67598475222365550508
289.48223350253806529508
317.28643852978456152414
316.08860759493671821474
294.88874841972187823558
306.68686868686870639067
300.48297604035309404935
318.27707808564230163029
306.06918238993711156581
296.85929648241204859005
319.64742785445417894152
304.43358395989974951590
334.21777221526906487270
320.00000000000000000000
310.78027465667912565550
310.55860349127181052609
321.33499377334993596378
319.10945273631841700990
298.88198757763973389956
300.65260545905709932413
320.42131350681535195690
312.18811881188116785779
326.95302843016071392412
328.71604938271605078626
307.47718865598028514796
325.23645320197044839006
308.99384993849940883592
336.74938574938573765394
330.50306748466255157837
329.25490196078430926718
335.00489596083230026125
343.75305623471882654485
307.49938949938950827345
334.24390243902439578960
345.98660170523749002314
320.72749391727495549276
322.46658566221140063135
349.20388349514564652054
336.93939393939393767141
349.67312348668281174469
311.40507859733980922101
332.13526570048310304628
343.86369119420987772173
333.59036144578311677833
345.31528279181708285250
345.03846153846154720668
348.75990396158465500775
330.47961630695442636352
326.19760479041917733412
328.91387559808612195411
333.62843488649940582036
346.34128878281620700363
347.05244338498209799582
316.76190476190475919793
357.46967895362661238323
338.17577197149643097873
341.88018979833924504419
346.58293838862556413005
321.28402366863906536310
352.98345153664303097685
324.68122786304604687757
345.37735849056605275109
354.07184923439342583151
322.76470588235292780155
329.45593419506462851132
336.14553990610329492483
358.83352872215709794546
342.51990632318501184272
339.20467836257307681080
341.88785046728969518881
355.56942823803967712593
356.24941724941726306497
345.92782305005817988786
342.60465116279067387950
360.27990708478512260626
347.95359628770302151679
354.62572421784471998762
364.29629629629630471754
364.96531791907511887985
350.63279445727482652728
330.29873125720877169442
345.96313364055299643951
355.62600690448789464426
368.28735632183907000581
336.94718714121700031683
362.60550458715596278125
344.26231386025199299183
340.91762013729976388277
339.57142857142855518759
343.22374429223742708928
361.87457240592931384526
351.52391799544420791790
363.17178612059160514036
345.81818181818181301423
375.46311010215663372946
366.10657596371879662911
345.74858437146093592673
343.38914027149320418175
352.02824858757060155767
354.66591422121894083830
370.30214205186018716631
359.93693693693694513058
344.57030371203597951535
380.20224719101122445863
358.83277216610548521203
379.46188340807174199654
345.08958566629337383347
349.71588366890381394114
375.34078212290501141979
368.96428571428572240620
344.58639910813826645608
377.20712694877505555269
346.82647385984427046424
379.44444444444445707632
346.06104328523861113354
379.67627494456763770359
380.29014396456256008605
373.90265486725661503442
348.51381215469615426628
381.12362030905075016562
353.73208379272324464182
364.33920704845814952932
387.94499449944993330064
360.54945054945056881479
368.15257958287594419744
368.75438596491227372098
387.35487404162103075578
361.95404814004376703451
360.55191256830602242189
356.14847161572049571987
381.74372955288987441236
354.33769063180830016790
354.93035908596300487261
388.52173913043480979468
353.11183496199782894109
372.70065075921911557089
383.28819068255688762292
369.87445887445886683054
385.45945945945948096778
365.04319654427644081807
388.62567421790720345598
379.20689655172412813045
390.78686759956940477423
375.36559139784947092267
394.94307196562834860742
372.51931330472103809370
372.09431939978566106220
360.66809421841543326082
368.24064171122995503538
362.81196581196581973927
360.38207043756671055235
399.95095948827292886563
396.51863684771035423182
375.08510638297872219482
380.65037194473961790209
380.21443736730361706577
397.77730646871685848964
372.33898305084744606575
371.89947089947088443296
365.45877378435517357502
376.01689545934527814097
376.57383966244725570505
400.12961011591147553190
398.68421052631578049841
364.23764458464773952073
379.78991596638655892093
369.34102833158448220274
372.89098532494756454980
395.43979057591621995016
376.98744769874474513927
387.53396029258095722980
379.07933194154486500338
395.62356621480711282857
370.16666666666668561447
371.70863683662850007750
408.24948024948025704361
392.78920041536861162967
381.32780082987551395490
392.86528497409324245382
369.40165631469977824963
381.93691830403309950270
408.47107438016530522873
390.00412796697628436959
397.53608247422681643002
395.06694129763133105371
377.59670781893004232188
373.12538540596096936497
389.65297741273099063619
406.17948717948718240223
411.70491803278690667867
379.22927328556806969573
406.75255623721881192978
376.27477017364657285725
391.79591836734692833488
379.31600407747197323260
380.83503054989819247567
400.35300101729399102624
375.86991869918699649133
390.38578680203045223607
395.90060851926978102711
412.41438703140829602489
383.92712550607285493243
396.43882709807888886644
391.94949494949497648122
390.45913218970736124902
381.96774193548384346286
407.47532729103727433539
390.98189134808853850700
379.48743718592965024072
387.99196787148594012251
403.49548645937812807460
410.99799599198394162158
411.49949949949950678274
398.00000000000000000000
387.49950049950052743952
417.99800399201598111176
395.49551345962112236521
401.99203187250998325908
418.48756218905469950187
392.98210735586479813719
406.47567030784506414420
407.96825396825397547218
412.45986124876117173699
414.95049504950492291755
418.44015825914937067864
393.92885375494068966873
392.41658440276404462566
394.90335305719918324030
410.38916256157637008073
401.87401574803146786508
385.35791543756147348176
422.84086444007857608085
418.32286555446518150347
411.80392156862745878243
412.28403525954945507692
395.76320939334635795603
412.24144672531770083879
405.71875000000000000000
427.19512195121956210642
411.67056530214426857128
410.14508276533592834312
413.61867704280155066954
426.09135082604473154788
423.56310679611647174170
392.03394762366633585771
401.50387596899224718072
396.97289448209096462961
397.44100580270787759218
410.90821256038645969966
409.37451737451738154050
406.83992285438762337435
400.30443159922924678540
392.76804619826759790158
411.23076923076928324008
398.69260326609025923972
409.15355086372358073277
414.61361457334612623526
412.07279693486589167151
402.53110047846894303802
411.98852772466534588602
403.44508118433623167221
421.90076335877859037282
432.35557673975210946082
406.80952380952385283308
423.26260704091339448496
401.71482889733840693225
399.16619183285854433052
403.61669829222012140235
429.06635071090045130404
411.51515151515150137129
425.96310312204354886489
396.41020793950849565590
433.85646836638341028447
413.30188679245281946351
432.74646559849202276382
413.19020715630881568359
421.63311382878646327299
401.07518796992485476949
414.51643192488268141460
413.95684803001881846285
419.39643861293347981700
406.83520599250937266333
431.27315247895228367270
436.71028037383177888842
400.14659197012133518001
438.58208955223881275742
415.01677539608579081687
440.45065176908747162088
416.88372093023258457833
406.31598513011147133511
406.74744661095633091463
414.17810760667907743482
430.60797034291010731977
401.03703703703706651140
420.46530989824236712593
435.89279112754161360499
437.31948291782089199842
427.74538745387451399438
436.17050691244241988898
435.59484346224678574799
415.01839926402942637651
404.44117647058828879381
439.86317722681360464776
430.28440366972472475027
410.70485792850593043113
422.12454212454213120509
431.54345837145467612572
430.96160877513716513931
408.37899543379000988352
437.79562043795624504128
428.21148587055608913943
428.62659380692161903426
433.04094631483167177066
427.45454545454549588612
434.86739327883742589620
423.27949183303087465902
421.69084315503175730555
419.10144927536236991727
406.51131221719458608277
409.92043399638339451485
425.32881662149952717300
414.73646209386276950681
446.14337240757436120475
430.54954954954951062973
438.95499549954990925471
413.35971223021579135093
430.76370170709787998931
412.16696588868944672868
436.56950672645734812249
410.97132616487454015441
410.37242614145031893713
416.77280858676203934010
437.17247542448615149624
429.57142857142855518759
440.96966993755575003888
437.36720142602496252948
411.76402493321461406595
428.16014234875444799400
432.55555555555554292368
411.95026642984009868087
447.34427684117122225871
437.73758865248225902178
446.13020372010623759707
443.52212389380531476490
442.91335101679931085528
442.30388692579504095193
420.69373345101496397547
416.08289241622571807966
415.47136563876654236083
441.85915492957747119362
433.24626209322775594046
440.63268892794371822674
425.01843722563648952928
428.40350877192986445152
442.78790534618758556462
444.17162872154119668267
424.55468066491687295638
424.93706293706293308787
440.31877729257644205063
442.69982547993015487009
418.08020924149957409099
420.45993031358887037641
442.83899042645782628824
438.21739130434787057311
421.59513466550822613499
423.97222222222217169474
434.34865568083262132859
451.72443674176781769347
419.09956709956713893916
445.47404844290656455996
433.84788245462402755948
441.22107081174442555493
452.59361518550474556832
454.96551724137930250436
452.33677863910418182058
426.70740103270225063170
428.07738607050725931913
426.44673539518896632217
451.81545064377678500023
427.18353344768433998979
438.55098543273345512716
423.91780821917802768439
441.28400342172801629204
431.64957264957263305405
438.01451750640478621790
458.37883959044370385527
436.74254049445869441115
451.10562180579211144504
444.46808510638300049322
447.82993197278915431525
442.19116397621075975621
455.55178268251268036693
422.91178965224764851882
428.27118644067797958996
448.62997459779842301941
436.98815566835867230111
453.34573119188507916988
436.70270270270270884794
456.05907172995785003877
451.41483979763916067895
438.77000842459983687149
461.12457912457909969817
458.47855340622368203185
432.83193277310920166201
441.18471872376153442019
438.53691275167784624500
447.88851634534785262076
461.23953098827473695565
443.58995815899584158615
452.93979933110369984206
432.28905597326649967727
449.63772954924877467420
439.98582151793164030096
453.33333333333337122895
435.68026644462952390313
454.02662229617305911233
441.37240232751457824634
438.71760797342187743197
429.06224066390041116392
436.40630182421227800660
449.74979287489645685127
447.09271523178813367849
465.43507030603802832047
463.77685950413217597088
461.11808422791079919989
429.45874587458740734291
438.79884583676835063670
439.13838550247112380021
462.47736625514403385750
434.81578947368416265817
441.15365653245680732653
445.49096880131367015565
440.82772764561116218829
430.16393442622950260557
460.49959049959045387368
446.83469721767596638529
437.16925592804579991935
448.50326797385616828251
427.83673469387758814264
442.16965742251227311499
446.50203748981255102990
441.83387622149837170582
446.16517493897481472231
461.49593495934959719307
446.82615759545080891257
464.15584415584419275547
459.48499594484997032851
464.81361426256080449093
452.14170040485828394594
430.46925566343043101369
458.79628132578818622278
452.12277867528268870956
450.44874899112187449646
433.77419354838707477029
439.09911361804995522107
468.42351046698877325980
451.74738535800486260996
461.07073954983923158579
451.39357429718870662327
458.71589085072230318474
468.03769045709702822933
452.35897435897436480445
456.67974379503607451625
466.00000000000000000000
442.31974420463632213796
442.63897763578279409558
447.95770151636077116564
447.27591706539078586502
452.59362549800800934463
431.91082802547771279933
443.22752585521084256470
440.54372019077902677964
435.85941223193015048309
459.17460317460313490301
436.48929421094373992673
433.80348652931854758208
466.11718131433099188143
464.43037974683545598964
435.74308300395261994709
448.05529225908367152442
470.36700868192576763249
457.67823343848579042970
457.98896769109535398457
460.29921259842524250416
451.60896931549962118879
459.91823899371070183406
458.22702278083272631193
440.53532182103606373857
450.84313725490198976331
445.15047021943576055492
456.45732184808139209053
440.76369327073552994989
440.06958561376075067528
451.37500000000000000000
434.67993754879000789515
437.98439937597504467703
473.28838659392044974084
445.59190031152650135482
453.89494163424126327300
460.19751166407468190300
467.49961149961154660559
454.80124223602479105466
472.10240496508924934460
460.40310077519382048195
455.70333075135556555324
457.00309597523221327720
470.30239752513534767786
435.60123647604325469729
471.89961389961388249503
449.19753086419757437397
469.49498843484968801931
457.79198767334355579806
440.08852963818321768485
451.38461538461535837996
462.68024596464260866924
466.97542242703536885529
476.27014581734454168327
470.56441717791415157990
448.85823754789271333721
457.15160796324653347256
462.44452945677119259926
454.73700305810393729189
454.02902979373573089106
437.32061068702284956089
440.61174675819984258851
456.90243902439021894679
468.19268849961918022018
450.48249619482498928846
465.77186311787068007106
442.06079027355622201867
458.34927866362943404965
459.63732928679814904172
476.92494313874146882881
468.21212121212124657177
451.49886449659345544205
438.78517397882001205289
460.07105064247923564835
446.35649546827789890813
460.64150943396225557080
464.92609351432884068345
464.21024868123583928536
466.49397590361445509188
464.77727614747925599659
453.06015037593988381559
454.34259954921117241611
455.62462462462463008706
462.90622655663912610180
457.18740629685157728090
478.46816479400752086804
453.74850299401202846639
479.02842183994016522774
456.30792227204779010208
469.58700522778190133977
465.86567164179109568067
453.14392244593591385637
464.42175856929952715291
457.69918093819808291300
454.97619047619048160414
477.25278810408917706809
456.52897473997029464954
463.80475129918340826407
446.08011869436199958727
443.35507783543368987011
448.62962962962967594649
464.90377498149518942228
459.17751479289938743023
442.45084996304512969800
480.72378138847852824256
444.99630996309963393287
460.26843657817107668961
452.54016212232863836107
468.81148748159057504381
455.08241353936716677708
470.35294117647060829768
451.62307127112421767379
442.89280469897209968622
465.16214233308880920958
449.43108504398821878567
450.69963369963375043881
450.96778916544656112819
448.23555230431600193697
472.50292397660814458504
443.76990504017533112346
465.03649635036492782092
457.30269876002921591862
474.56851311953357708262
454.83394027676615678502
460.09898107714695925097
476.36363636363637397153
463.62790697674415696383
462.89179375453886677860
456.15529753265604995249
447.41841914430744964193
449.68115942028987319645
458.94351918899349129788
460.20549927641104659415
469.46710050614603915164
463.72832369942193508905
454.98916967509023834282
450.24963924963924455369
477.50973323720256757952
454.76945244956777969492
454.02879769618425598310
460.28776978417261034338
478.54636951833208513563
470.80459770114941875363
462.06245513280691739055
467.31994261119086786493
472.57706093189960938616
455.83381088825217375415
456.09019327129567500378
463.34620886981406329141
459.60185847033596928668
477.85714285714288962481
470.11206281227691761160
460.36661911554926973622
448.62081254454744794202
448.87464387464387982618
479.12811387900353565783
465.38122332859177276987
448.63397299218195257708
472.88636363636362602847
482.13839602555003693851
473.39007092198585269216
454.64138908575478126295
461.89235127478752929164
481.14295824486907804385
447.39321074964641411498
452.64310954063603276154
448.89265536723166860611
448.14184897671134422126
478.39069111424544189504
474.63918252290341115440
444.88732394366195421753
478.13511611541173351725
457.38255977496487503231
452.62965565706258530554
445.87640449438197265408
444.12280701754389156122
450.36886395511919545243
451.61457603363703583454
470.85994397759100138501
475.10496850944718971732
473.34965034965034647030
481.59399021663170969987
446.83798882681560371566
469.08164689462660135177
465.32496513249645886390
473.56794425087105082639
468.81058495821730502939
469.05288796102991000225
461.29485396383870465797
449.53648366921470369562
479.77777777777782830526
449.01873698820259050990
453.25936199722605124407
450.49965349965350469574
466.73961218836564057710
474.97923875432525164797
447.21853388658371386555
483.45749827228746653418
467.69613259668506088929
462.93443754313318549976
459.17241379310348747822
476.41006202618882525712
479.64738292011020348582
472.88437715072268474614
454.12104539202198338899
447.35738831615117305773
469.59340659340659840382
477.82910089224435523647
456.06447187928665698564
449.29952021932831485174
467.53424657534242214751
485.76865160848728919518
462.00273597811212766828
458.23650034176353074145
473.46994535519127111911
482.70307167235489487211
455.93587994542974684009
448.16837082481254128652
455.40054495912806942215
484.63240299523488374689
453.86394557823132345220
485.09517335146153982350
471.32608695652174901625
455.55668703326546165044
471.78697421981007664726
479.01694915254233819724
454.24661246612470222317
461.47596479350033860101
463.70500676589983868325
458.93373901284655858035
459.16216216216218981572
456.39027683997301210184
463.61808367071523662162
460.84558327714091774396
478.07277628032340999198
462.29966329966327975853
463.52624495289364858763
477.75252185608610488998
483.97849462365593353752
456.20416386836802757898
471.42953020134223152127
486.65459423205902567133
485.87935656836464204389
485.10381781647686239012
469.32797858099058885273
462.55183946488295987365
451.77540106951869347540
454.99866399465599897667
462.22162883845123815263
484.44429619746495063737