0.3094079792
0.1476325989
-0.5692566633
0.2313881218
-0.4266703427
-0.8727995157
-0.6406905055
-0.3072948754
0.4775462747
0.2160585970
-0.8960812688
0.4503974617
-0.5849292278
-0.8714783192
0.3256742060
-0.5884573460
-0.6607911587
-0.3502259552
-0.7741039395
-0.7199746370
-0.6411697268
0.2697628438
0.4333792627
0.4715866745
0.6465955973
0.1451831311
-0.4220020473
-0.0401766300
0.2239271700
0.4399743676
-0.5466725230
-0.2791060209
0.3158062696
0.0668716654
0.7279751897
0.7767135501
0.1097756401
0.1080914959
0.3783943951
0.8063589334
-0.0574443601
0.5067466497
0.1877996325
0.6681084037
0.1891499758
1.2189116478
0.7037690878
1.2446116209
0.3513630033
0.1999133080
1.4903781414
1.0692472458
0.5822334290
0.8906078339
0.4914198220
0.9254908562
0.8271186948
1.3533957005
1.1375751495
1.7545460463
2.0032463074
1.2627826929
1.3771927357
1.8446522951
1.5233490467
2.4629197121
1.1821839809
1.3327045441
2.3263463974
2.0346813202
1.2967016697
1.3975433111
2.6838829517
2.2387006283
2.3876876831
2.8297758102
2.4217672348
3.0818901062
2.0042927265
2.7628083229
2.6495835781
3.0689098835
1.9942033291
1.8377685547
2.0360238552
2.9763586521
2.1464467049
3.1235318184
2.8687989712
3.1099007130
2.8227629662
3.4513959885
2.2232651711
2.4893438816
2.6258454323
3.1134860516
3.3005042076
2.7718877792
2.6662211418
3.0994868279
3.1783249378
2.4237749577
2.8460612297
3.0522038937
2.4997229576
2.8400650024
2.7165799141
2.4812588692
2.1350235939
3.2256238461
2.1086754799
2.9543981552
2.4855706692
2.0799837112
2.5953397751
3.4586708546
2.4858098030
2.9041678905
2.0945272446
2.2367060184
1.9968136549
3.4435360432
3.0896396637
2.1336677074
3.3053069115
1.9329527617
3.2324194908
2.8056318760
3.1566925049
2.1532392502
2.3997793198
2.0731189251
2.6736593246
2.3150036335
2.9732024670
2.0953440666
3.0759932995
2.9105069637
2.8351051807
2.2198565006
1.8027724028
2.7893521786
2.2463192940
1.9431959391
3.1995446682
1.8299651146
2.2606921196
1.8977433443
2.4867711067
1.7855103016
2.1884675026
1.8952134848
3.1374328136
2.7573552132
2.1106758118
2.7611351013
2.9223401546
1.8820154667
2.6789658070
3.0178489685
3.1728286743
1.9168417454
3.1992473602
2.8994648457
1.9196599722
3.2058367729
2.7347061634
2.3992455006
3.1594622135
2.4567658901
2.6394274235
2.5027570724
2.7898254395
2.0739049911
2.7881255150
2.8313109875
2.1330213547
3.0024161339
3.1333673000
3.4612112045
3.0601778030
3.0905301571
3.6364119053
3.7014715672
3.0818934441
3.7105832100
3.5626981258
3.0108702183
3.5514714718
2.9652824402
2.5406098366
3.4539403915
2.4833874702
3.3058519363
3.5347733498
3.1766731739
3.7327461243
2.5124027729
3.4235432148
3.7961103916
3.3180258274
2.8723673820
3.0292654037
3.7278108597
2.8811149597
3.6658942699
3.5430686474
3.4452090263
3.7093439102
3.2378857136
3.3102974892
3.3785989285
2.7071042061
2.8936946392
3.3444609642
3.8112463951
3.0589649677
3.0985577106
3.6954874992
2.7845575809
2.5483603477
3.2853815556
2.9713144302
3.1448519230
3.4844152927
3.3469800949
3.4713201523
2.6920378208
2.3465023041
2.6208021641
2.2720010281
2.1635520458
3.1899545193
2.1138157845
2.9745707512
2.2612676620
2.8947598934
2.0316865444
3.3130476475
3.2548768520
2.2060184479
2.9984128475
2.1085753441
2.5853958130
2.7697675228
2.3952500820
1.8634210825
3.1148588657
2.6986486912
1.8106020689
2.9233329296
2.6754176617
2.8783426285
2.2937703133
2.2002000809
1.9444704056
2.8390197754
2.5256776810
1.6179184914
2.8976387978
2.1970620155
2.8255836964
1.9875739813
2.9179260731
2.6845386028
2.8658866882
2.3643615246
2.2185599804
2.9697580338
2.1814136505
3.0988564491
2.4927330017
3.0082850456
2.8416457176
3.1172678471
1.8914064169
2.3659574986
1.8931638002
2.5497772694
2.7798104286
3.2513158321
2.0721142292
2.5649020672
2.7314636707
3.2668023109
2.4514627457
3.5302152634
3.3622493744
3.4765756130
3.6359469891
3.4083583355
2.5720272064
2.6888604164
3.0709123611
2.8013458252
4.1180691719
3.8000771999
3.2105937004
3.3134808540
3.5083782673
2.9975004196
4.3990902901
3.3015313148
3.8560011387
3.7730512619
4.2580499649
4.5706491470
3.7105827332
4.1433596611
4.1786589622
3.5417671204
4.2352223396
4.1841306686
4.5625076294
4.5821704865
4.3327288628
4.2012677193
5.0195775032
4.6487603188
4.3790283203
4.7040667534
5.2526025772
5.1327352524
5.2917346954
4.4438390732
5.0999789238
4.6648273468
4.8300085068
4.1610813141
4.4918570518
4.6321487427
4.9704446793
5.5390505791
4.9096469879
5.0178132057
4.9539022446
5.2879843712
5.1452021599
4.7710542679
5.0916676521
5.7557244301
5.0352253914
4.9012165070
4.9035663605
5.9197316170
4.8142180443
5.9266762733
5.9935560226
5.6884064674
5.8480973244
5.9844989777
5.1115050316
5.3273649216
5.7046518326
4.7147741318
4.6548452377
5.1725230217
5.7100048065
5.1272144318
5.5190610886
5.4732618332
5.9192905426
5.8773555756
4.8679785728
5.9038481712
4.9700217247
5.6653566360
5.0625042915
5.6366152763
6.0828819275
5.7322597504
4.7821984291
5.6633076668
5.5584120750
4.9933886528
5.7837224007
5.7279109955
5.5093784332
5.5712304115
5.4771800041
6.3576769829
5.5583643913
5.0885362625
5.3454394341
5.6437768936
5.2662925720
6.2552456856
6.5872554779
5.1849365234
6.5139112473
6.6364965439
5.7536363602
6.3738589287
6.7105703354
5.9519686699
6.6617336273
6.6322278976
6.3055958748
6.9037704468
6.4853582382
5.9827952385
7.0580592155
6.6811985970
6.2946057320
5.9390873909
6.5669074059
7.1007928848
6.9952597618
6.8909778595
6.7260813713
6.6224551201
7.4752697945
6.9642152786
6.6957540512
6.5007209778
6.3106479645
6.8476619720
7.6758985519
7.6910881996
7.6130442619
7.9512634277
6.5832853317
7.5644588470
7.0179982185
7.7432899475
6.7493762970
6.7610702515
7.7529497147
7.8843865395
7.7751660347
7.7077846527
7.8948378563
7.7820978165
7.7544379234
7.8864092827
7.7602272034
8.1921110153
8.5749320984
7.2400045395
8.2908172607
7.3957829475
8.6006851196
8.0622062683
7.4006638527
7.9478106499
7.9797601700
8.6729459763
7.4686946869
7.3550543785
7.6309685707
7.9428272247
8.4171466827
7.7328882217
7.7448658943
8.4089612961
7.3303780556
7.3209061623
8.0115451813
7.7963523865
8.4047670364
7.4561276436
8.1389303207
8.0330018997
7.5862360001
8.5458297729
8.0402975082
7.2265977859
7.2125763893
7.6495733261
8.1825294495
7.2288889885
8.1497793198
8.0168008804
7.1344642639
7.9416913986
7.0989532471
7.5377583504
7.2804508209
7.2079000473
7.5973157883
7.6999793053
6.9947509766
6.6569008827
7.3563346863
6.6403770447
7.1191897392
7.4245133400
6.8893985748
7.7093420029
6.6029057503
6.3811926842
6.3708157539
7.6827387810
6.4018464088
6.2382197380
6.2752261162
6.5994744301
7.1361007690
6.6379489899
7.0861635208
